1084	0
1084	1
1084	2
16689	0
16689	1
16689	2
2661	0
2661	1
2661	2
16791	0
16791	1
16791	2
12867	0
12867	1
12867	2
16880	0
16880	1
16880	2
6903	0
6903	1
6903	2
1875	3
1875	4
1875	5
1466	3
1466	4
1466	5
2623	3
2623	4
2623	5
13059	3
13059	4
13059	5
6726	3
6726	4
6726	5
14351	3
14351	4
14351	5
15773	6
15773	7
15773	8
16118	6
16118	7
16118	8
18735	6
18735	7
18735	8
16869	6
16869	7
16869	8
10123	9
10123	10
10123	11
17081	9
17081	10
17081	11
5418	12
5418	13
5418	14
13514	12
13514	13
13514	14
13395	12
13395	13
13395	14
16532	12
16532	13
16532	14
11902	12
11902	13
11902	14
10049	12
10049	13
10049	14
14348	12
14348	13
14348	14
9748	15
9748	16
9748	17
6252	15
6252	16
6252	17
145	15
145	16
145	17
14636	15
14636	16
14636	17
8276	15
8276	16
8276	17
5987	15
5987	16
5987	17
9152	15
9152	16
9152	17
4787	15
4787	16
4787	17
15493	18
15493	17
15493	19
646	18
646	17
646	19
18025	18
18025	17
18025	19
5822	18
5822	17
5822	19
13623	18
13623	17
13623	19
5067	18
5067	17
5067	19
16832	18
16832	17
16832	19
5244	20
5244	21
5244	22
11623	20
11623	21
11623	22
3167	20
3167	21
3167	22
5318	20
5318	21
5318	22
13948	20
13948	21
13948	22
7582	20
7582	21
7582	22
5917	23
5917	24
5917	25
5116	23
5116	24
5116	25
15422	23
15422	24
15422	25
15742	23
15742	24
15742	25
8914	23
8914	24
8914	25
5030	26
5030	17
5030	27
18438	26
18438	17
18438	27
14305	26
14305	17
14305	27
15463	26
15463	17
15463	27
6180	28
6180	7
6180	29
14918	28
14918	7
14918	29
5429	28
5429	7
5429	29
953	28
953	7
953	29
16216	28
16216	7
16216	29
6917	28
6917	7
6917	29
12766	30
12766	31
12766	32
5098	30
5098	31
5098	32
12998	30
12998	31
12998	32
18431	33
18431	34
18431	4
14220	33
14220	34
14220	4
18082	33
18082	34
18082	4
14313	33
14313	34
14313	4
13393	35
13393	8
13393	36
5165	35
5165	8
5165	36
14719	37
14719	26
14719	38
3776	37
3776	26
3776	38
14058	37
14058	26
14058	38
2108	37
2108	26
2108	38
1380	37
1380	26
1380	38
9591	37
9591	26
9591	38
13226	39
13226	25
13226	40
15597	39
15597	25
15597	40
5001	39
5001	25
5001	40
18362	41
18362	42
18362	43
3499	41
3499	42
3499	43
12473	41
12473	42
12473	43
15692	41
15692	42
15692	43
7847	44
7847	5
7847	26
17623	44
17623	5
17623	26
3554	44
3554	5
3554	26
15171	45
15171	38
15171	46
7109	45
7109	38
7109	46
4524	45
4524	38
4524	46
13950	45
13950	38
13950	46
11109	47
11109	48
11109	49
9440	47
9440	48
9440	49
15282	47
15282	48
15282	49
9870	47
9870	48
9870	49
1928	47
1928	48
1928	49
13789	50
13789	51
13789	17
18262	50
18262	51
18262	17
6980	50
6980	51
6980	17
16431	50
16431	51
16431	17
6391	52
16904	52
6583	52
4435	52
12318	52
2215	53
2215	54
2215	2
11582	53
11582	54
11582	2
2640	53
2640	54
2640	2
17791	53
17791	54
17791	2
968	55
968	56
968	57
2443	55
2443	56
2443	57
10492	55
10492	56
10492	57
8253	55
8253	56
8253	57
17827	58
17827	17
17827	31
10814	58
10814	17
10814	31
15321	58
15321	17
15321	31
2350	58
2350	17
2350	31
6483	59
6483	38
6483	22
7817	59
7817	38
7817	22
4042	59
4042	38
4042	22
3331	59
3331	38
3331	22
11957	59
11957	38
11957	22
10924	59
10924	38
10924	22
2078	59
2078	38
2078	22
1787	60
1787	19
1787	59
18279	60
18279	19
18279	59
11190	30
11190	61
11190	51
9355	62
9355	63
9355	64
11283	62
11283	63
11283	64
14483	62
14483	63
14483	64
11783	62
11783	63
11783	64
1118	62
1118	63
1118	64
17340	65
17340	66
17340	67
1618	65
1618	66
1618	67
4373	65
4373	66
4373	67
4019	65
4019	66
4019	67
7899	65
7899	66
7899	67
10666	68
10666	69
10666	68
4001	68
4001	69
4001	68
8411	68
8411	69
8411	68
10344	68
10344	69
10344	68
17504	68
17504	69
17504	68
3865	68
3865	69
3865	68
13284	70
5224	70
9294	70
169	70
6782	70
13584	70
2911	70
4410	70
7057	70
18682	59
18682	71
18682	72
1508	59
1508	71
1508	72
10306	59
10306	71
10306	72
8408	19
8408	39
8408	73
9113	54
9113	46
9113	19
6365	54
6365	46
6365	19
16407	74
16407	75
16407	76
15458	64
15458	77
15458	64
12924	64
12924	77
12924	64
11776	64
11776	77
11776	64
13360	64
13360	77
13360	64
13326	64
13326	77
13326	64
15083	30
15083	17
15083	75
9698	30
9698	17
9698	75
11035	30
11035	17
11035	75
18718	30
18718	17
18718	75
16140	30
16140	17
16140	75
16903	30
16903	17
16903	75
1811	55
1811	26
1811	78
4188	55
4188	26
4188	78
10069	55
10069	26
10069	78
4117	55
4117	26
4117	78
4927	55
4927	26
4927	78
6393	79
6393	80
6393	81
13294	79
13294	80
13294	81
6563	79
6563	80
6563	81
533	79
533	80
533	81
7627	79
7627	80
7627	81
5469	79
5469	80
5469	81
6000	82
6000	83
6000	2
1529	82
1529	83
1529	2
15381	43
15381	54
15381	84
14411	43
14411	54
14411	84
9517	43
9517	54
9517	84
17526	43
17526	54
17526	84
3226	43
3226	54
3226	84
11989	43
11989	54
11989	84
1697	43
1697	54
1697	84
1950	85
1950	86
1950	87
16499	85
16499	86
16499	87
8199	88
8199	89
8199	90
875	88
875	89
875	90
10583	88
10583	89
10583	90
13144	88
13144	89
13144	90
10574	91
10574	92
10574	14
4053	91
4053	92
4053	14
16356	93
16356	94
16356	75
17991	93
17991	94
17991	75
4643	93
4643	94
4643	75
10806	95
10806	96
10806	68
9167	95
9167	96
9167	68
9567	95
9567	96
9567	68
4973	95
4973	96
4973	68
1696	95
1696	96
1696	68
2798	95
2798	96
2798	68
12698	51
12698	38
12698	97
234	51
234	38
234	97
5790	51
5790	38
5790	97
5821	51
5821	38
5821	97
2249	98
2249	99
2249	54
10377	98
10377	99
10377	54
2261	98
2261	99
2261	54
7915	98
7915	99
7915	54
5349	98
5349	99
5349	54
262	98
262	99
262	54
5571	100
5571	30
5571	31
15473	31
15473	17
15473	101
10854	31
10854	17
10854	101
11658	31
11658	17
11658	101
10157	31
10157	17
10157	101
16792	31
16792	17
16792	101
13803	31
13803	17
13803	101
13310	31
13310	17
13310	101
16807	31
16807	17
16807	101
9600	31
9600	17
9600	101
12188	102
18244	75
18244	103
18244	104
14226	75
14226	103
14226	104
17618	7
17618	105
17618	38
1099	7
1099	105
1099	38
2175	7
2175	105
2175	38
2925	7
2925	105
2925	38
7558	106
7558	54
7558	2
8224	106
8224	54
8224	2
9419	106
9419	54
9419	2
261	30
261	107
261	51
18409	30
18409	107
18409	51
7732	30
7732	107
7732	51
6515	30
6515	107
6515	51
18240	30
18240	107
18240	51
17591	30
17591	107
17591	51
4369	24
4369	108
4369	23
18166	24
18166	108
18166	23
4813	24
4813	108
4813	23
16293	109
16293	75
16293	24
16551	109
16551	75
16551	24
3129	109
3129	75
3129	24
9874	109
9874	75
9874	24
16547	109
16547	75
16547	24
18569	79
18569	80
18569	110
6920	79
6920	80
6920	110
14278	79
14278	80
14278	110
13559	79
13559	80
13559	110
178	79
178	80
178	110
7249	79
7249	80
7249	110
14439	79
14439	80
14439	110
10573	79
10573	80
10573	110
9886	79
9886	80
9886	110
18253	79
18253	80
18253	110
15759	63
820	63
6830	63
9797	63
17798	63
18185	63
12563	59
12563	111
12871	59
12871	111
16685	59
16685	111
1200	59
1200	111
17474	112
17927	113
13906	113
8613	114
8613	75
8613	115
1463	114
1463	75
1463	115
14876	114
14876	75
14876	115
9778	114
9778	75
9778	115
11823	49
11823	116
1595	49
1595	116
5679	8
5679	104
5679	17
6597	8
6597	104
6597	17
4755	91
4755	117
18280	91
18280	117
8615	91
8615	117
1936	91
1936	117
8232	91
8232	117
12303	118
12303	17
12303	75
5117	118
5117	17
5117	75
5841	118
5841	17
5841	75
537	118
537	17
537	75
5033	30
5033	31
5033	75
16440	30
16440	31
16440	75
9818	30
9818	31
9818	75
14955	30
14955	31
14955	75
4297	30
4297	31
4297	75
18371	2
18371	119
18371	83
15568	2
15568	119
15568	83
2586	2
2586	119
2586	83
13951	120
13951	99
13951	54
11329	120
11329	99
11329	54
16340	120
16340	99
16340	54
15956	120
15956	99
15956	54
1522	121
1522	105
1522	71
13042	121
13042	105
13042	71
10303	121
10303	105
10303	71
14643	121
14643	105
14643	71
15900	121
15900	105
15900	71
9908	121
9908	105
9908	71
7633	30
7633	17
7633	122
6693	30
6693	17
6693	122
18334	30
18334	17
18334	122
12323	30
12323	17
12323	122
13130	30
13130	17
13130	122
17812	30
17812	17
17812	122
11849	30
11849	17
11849	122
10112	30
10112	17
10112	122
12614	79
12614	80
12614	123
11679	79
11679	80
11679	123
5153	79
5153	80
5153	123
2683	79
2683	80
2683	123
10464	79
10464	80
10464	123
11461	79
11461	80
11461	123
5706	79
5706	80
5706	123
2270	124
2270	75
14322	124
14322	75
5919	124
5919	75
18154	124
18154	75
10784	124
10784	75
1978	125
1978	54
1978	2
4051	126
4051	43
4051	127
1140	126
1140	43
1140	127
16126	126
16126	43
16126	127
16585	126
16585	43
16585	127
3370	126
3370	43
3370	127
13319	126
13319	43
13319	127
9044	126
9044	43
9044	127
14668	75
14668	128
14668	129
15071	75
15071	128
15071	129
6644	75
6644	128
6644	129
1816	75
1816	128
1816	129
13816	75
13816	128
13816	129
16475	75
16475	128
16475	129
7333	75
7333	128
7333	129
14237	75
14237	128
14237	129
13196	19
13196	75
13196	130
4738	19
4738	75
4738	130
1247	19
1247	75
1247	130
14701	19
14701	75
14701	130
17880	131
17880	132
17880	133
1852	131
1852	132
1852	133
13712	131
13712	132
13712	133
18419	134
18419	135
18419	136
14131	134
14131	135
14131	136
14136	134
14136	135
14136	136
1172	134
1172	135
1172	136
475	137
475	42
475	138
3744	137
3744	42
3744	138
17223	137
17223	42
17223	138
15870	139
15870	75
12465	139
12465	75
13836	139
13836	75
16267	139
16267	75
7229	139
7229	75
1265	140
1265	19
1265	46
3060	140
3060	19
3060	46
15664	140
15664	19
15664	46
17488	140
17488	19
17488	46
11664	140
11664	19
11664	46
18282	75
18282	28
18282	141
5696	30
5696	142
5696	75
14861	143
14861	144
14861	145
18671	143
18671	144
18671	145
10325	143
10325	144
10325	145
14321	143
14321	144
14321	145
10235	143
10235	144
10235	145
6091	143
6091	144
6091	145
13264	146
13264	46
13264	75
18629	146
18629	46
18629	75
7099	146
7099	46
7099	75
11798	64
11798	147
13195	64
13195	147
7163	64
7163	147
14432	64
14432	147
3069	64
3069	147
13724	64
13724	147
17876	64
17876	147
1465	30
1465	100
1465	148
8362	30
8362	100
8362	148
6796	30
6796	100
6796	148
8399	30
8399	100
8399	148
18169	30
18169	149
18169	75
17112	30
17112	149
17112	75
7990	19
7990	150
7990	77
335	19
335	150
335	77
17311	19
17311	150
17311	77
6968	19
6968	150
6968	77
8033	19
8033	150
8033	77
18342	75
18342	151
18342	152
16830	75
16830	151
16830	152
11831	75
11831	151
11831	152
3026	153
3026	57
11613	153
11613	57
13797	153
13797	57
1576	153
1576	57
2886	153
2886	57
7771	154
7771	26
7771	155
15764	154
15764	26
15764	155
2452	154
2452	26
2452	155
6743	154
6743	26
6743	155
14040	156
14040	38
14040	157
6465	156
6465	38
6465	157
1141	156
1141	38
1141	157
15520	156
15520	38
15520	157
10686	71
10686	158
8004	71
8004	158
14243	79
14243	80
14243	11
12362	79
12362	80
12362	11
18143	79
18143	80
18143	11
17406	64
17406	159
17406	46
6088	76
6088	75
6088	105
17145	76
17145	75
17145	105
12469	76
12469	75
12469	105
11219	76
11219	75
11219	105
6269	76
6269	75
6269	105
10863	57
10863	77
10863	38
7850	57
7850	77
7850	38
3087	57
3087	77
3087	38
6963	57
6963	77
6963	38
16615	57
16615	77
16615	38
4198	19
4198	85
4198	160
9504	19
9504	85
9504	160
16934	19
16934	85
16934	160
11433	161
11433	162
11433	75
17423	161
17423	162
17423	75
11949	161
11949	162
11949	75
11663	161
11663	162
11663	75
16973	161
16973	162
16973	75
766	163
14632	163
1207	163
17091	163
6813	163
7905	163
10120	164
10120	165
10120	54
9716	164
9716	165
9716	54
10595	164
10595	165
10595	54
5438	71
5438	150
5965	71
5965	150
14966	71
14966	150
17085	71
17085	150
15243	71
15243	150
1521	71
1521	150
4010	166
4010	75
4010	7
8366	166
8366	75
8366	7
18176	166
18176	75
18176	7
218	167
9598	30
9598	168
9598	75
16083	30
16083	168
16083	75
3684	30
3684	168
3684	75
12500	79
12500	80
17721	79
17721	80
9772	169
9772	170
9629	75
9629	72
9629	171
11092	172
11092	137
11092	173
17259	172
17259	137
17259	173
17931	172
17931	137
17931	173
8689	172
8689	137
8689	173
5226	174
5226	175
5226	42
8388	176
8388	38
8388	125
1989	176
1989	38
1989	125
12005	176
12005	38
12005	125
3532	176
3532	38
3532	125
10783	8
10783	50
10783	154
8736	8
8736	50
8736	154
15396	8
15396	50
15396	154
363	8
363	50
363	154
10166	169
10166	177
10166	178
17597	169
17597	177
17597	178
1094	169
1094	177
1094	178
2619	169
2619	177
2619	178
2599	169
2599	177
2599	178
4271	169
4271	177
4271	178
6307	169
6307	177
6307	178
3205	179
3205	75
3205	51
1164	179
1164	75
1164	51
8814	180
8814	162
8814	75
1600	180
1600	162
1600	75
2293	180
2293	162
2293	75
8007	180
8007	162
8007	75
9432	30
9432	17
9432	181
1930	30
1930	17
1930	181
15456	17
15456	131
15456	182
3310	17
3310	131
3310	182
10582	17
10582	131
10582	182
762	138
762	50
762	183
6526	138
6526	50
6526	183
7066	184
7066	185
7066	73
13741	184
13741	185
13741	73
2234	88
2234	89
2234	90
10894	88
10894	89
10894	90
11025	88
11025	89
11025	90
9479	186
9479	129
1590	186
1590	129
9226	145
9226	37
9226	187
12827	145
12827	37
12827	187
4484	19
4484	188
4484	38
1181	19
1181	188
1181	38
3326	19
3326	188
3326	38
14770	19
14770	188
14770	38
15464	189
15464	190
15464	87
13779	189
13779	190
13779	87
6890	189
6890	190
6890	87
7972	189
7972	190
7972	87
15158	19
15158	134
15158	133
17914	19
17914	134
17914	133
8480	19
8480	134
8480	133
9277	19
9277	134
9277	133
5393	19
5393	134
5393	133
12887	191
3174	191
1807	91
1807	192
2677	91
2677	192
14601	91
14601	192
7482	193
2009	193
6511	193
10291	193
486	193
15576	46
15576	54
15576	194
11728	46
11728	54
11728	194
18057	46
18057	54
18057	194
15541	46
15541	54
15541	194
11457	75
11457	195
11457	17
12110	75
12110	195
12110	17
9875	75
9875	195
9875	17
7321	75
7321	195
7321	17
16930	196
16930	54
16930	2
18510	196
18510	54
18510	2
4626	196
4626	54
4626	2
17124	85
17124	19
17124	197
5756	71
5756	198
5756	75
2852	199
2852	26
2852	17
1849	199
1849	26
1849	17
2055	30
2055	17
2055	200
14953	30
14953	17
14953	200
13663	30
13663	17
13663	200
2091	55
2091	129
2091	201
5599	55
5599	129
5599	201
16986	55
16986	129
16986	201
5499	8
5499	50
5499	202
16909	8
16909	50
16909	202
16985	8
16985	50
16985	202
5726	8
5726	50
5726	202
1413	8
1413	50
1413	202
3942	147
3942	95
3942	69
14169	147
14169	95
14169	69
9555	147
9555	95
9555	69
43	147
43	95
43	69
13597	147
13597	95
13597	69
14479	19
14479	134
14479	203
8334	19
8334	134
8334	203
610	19
610	134
610	203
11072	19
11072	134
11072	203
2620	59
2620	78
2620	204
16418	59
16418	78
16418	204
4866	59
4866	78
4866	204
18404	59
18404	78
18404	204
5996	59
5996	78
5996	204
17361	59
17361	78
17361	204
17899	205
17899	75
17899	33
9957	205
9957	75
9957	33
2222	205
2222	75
2222	33
18309	205
18309	75
18309	33
17429	206
17429	207
8881	206
8881	207
15638	206
15638	207
2106	206
2106	207
18233	206
18233	207
3984	206
3984	207
8981	208
8981	209
8981	210
18072	208
18072	209
18072	210
11819	208
11819	209
11819	210
7793	208
7793	209
7793	210
6400	208
6400	209
6400	210
5934	208
5934	209
5934	210
12399	208
12399	209
12399	210
14612	211
14612	212
14612	213
9927	211
9927	212
9927	213
965	214
965	75
965	30
439	214
439	75
439	30
16217	214
16217	75
16217	30
10749	214
10749	75
10749	30
4886	214
4886	75
4886	30
2580	214
2580	75
2580	30
16607	214
16607	75
16607	30
465	173
465	66
465	184
5606	173
5606	66
5606	184
5404	173
5404	66
5404	184
14561	173
14561	66
14561	184
5892	173
5892	66
5892	184
16263	215
16263	132
16263	10
304	215
304	132
304	10
2813	215
2813	132
2813	10
14798	215
14798	132
14798	10
190	215
190	132
190	10
9085	215
9085	132
9085	10
9962	215
9962	132
9962	10
3487	215
3487	132
3487	10
13135	215
13135	132
13135	10
15999	215
15999	132
15999	10
15842	71
15842	59
15842	216
16795	71
16795	59
16795	216
16320	71
16320	59
16320	216
3691	71
3691	59
3691	216
8030	71
8030	59
8030	216
17657	71
17657	59
17657	216
11743	217
5759	217
15385	217
12672	145
12672	19
12672	218
5475	145
5475	19
5475	218
8211	219
8211	168
8211	17
14778	219
14778	168
14778	17
6756	8
6756	138
6756	75
2624	8
2624	138
2624	75
15777	79
15777	10
15777	208
9678	79
9678	10
9678	208
8319	79
8319	10
8319	208
13172	79
13172	10
13172	208
12548	79
12548	10
12548	208
15009	184
15009	75
15009	220
5825	184
5825	75
5825	220
13510	184
13510	75
13510	220
13605	184
13605	75
13605	220
4152	221
4152	73
4152	75
8735	221
8735	73
8735	75
15671	222
15671	81
15671	87
10962	222
10962	81
10962	87
10351	222
10351	81
10351	87
1156	222
1156	81
1156	87
6670	38
6670	173
6670	223
2598	38
2598	173
2598	223
2431	38
2431	173
2431	223
5006	38
5006	173
5006	223
13105	38
13105	173
13105	223
4280	8
4280	224
4280	225
11671	19
11671	86
11671	85
13625	40
13625	38
13625	135
2860	59
2860	24
2860	38
1329	59
1329	24
1329	38
5851	59
5851	24
5851	38
15871	59
15871	24
15871	38
10539	59
10539	24
10539	38
3759	226
3759	10
3220	226
3220	10
17760	226
17760	10
16230	38
16230	227
7330	38
7330	227
5423	38
5423	227
9647	38
9647	227
5888	38
5888	227
6169	38
6169	227
15694	55
15694	164
13076	55
13076	164
15752	55
15752	164
17189	55
17189	164
1885	55
1885	164
4767	228
4767	173
4767	208
14338	228
14338	173
14338	208
11628	59
11628	229
11628	91
17003	30
17003	230
17003	51
1743	30
1743	230
1743	51
1671	30
1671	230
1671	51
14930	30
14930	230
14930	51
14357	30
14357	230
14357	51
1436	30
1436	230
1436	51
14867	30
14867	230
14867	51
756	30
756	230
756	51
7289	231
7289	17
7289	75
6036	231
6036	17
6036	75
11797	231
11797	17
11797	75
15181	69
15181	232
14847	69
14847	232
7557	233
7557	9
7557	33
15537	233
15537	9
15537	33
12118	19
12118	234
12118	222
13316	19
13316	234
13316	222
13573	19
13573	234
13573	222
10265	19
10265	234
10265	222
7963	19
7963	234
7963	222
577	235
577	135
577	236
3024	235
3024	135
3024	236
11515	235
11515	135
11515	236
5455	235
5455	135
5455	236
11605	237
11605	75
11605	17
8495	237
8495	75
8495	17
18049	237
18049	75
18049	17
9714	237
9714	75
9714	17
16160	237
16160	75
16160	17
15238	237
15238	75
15238	17
16038	17
16038	75
16038	238
11612	17
11612	75
11612	238
16373	17
16373	75
16373	238
15806	17
15806	75
15806	238
16101	17
16101	75
16101	238
14327	17
14327	75
14327	238
11931	17
11931	75
11931	238
9669	17
9669	75
9669	238
17365	239
17365	71
17365	75
8037	239
8037	71
8037	75
4377	239
4377	71
4377	75
14959	138
14959	17
14959	240
10418	138
10418	17
10418	240
6510	241
6510	38
6510	242
6879	243
6879	244
6879	41
11065	243
11065	244
11065	41
3468	243
3468	244
3468	41
12763	19
12763	75
12763	245
18165	19
18165	75
18165	245
1636	19
1636	75
1636	245
10485	19
10485	75
10485	245
165	8
165	17
165	246
4078	8
4078	17
4078	246
12816	8
12816	17
12816	246
4386	8
4386	17
4386	246
13211	8
13211	17
13211	246
846	8
846	17
846	246
2995	8
2995	17
2995	246
13585	247
13585	248
17402	247
17402	248
11463	247
11463	248
2179	247
2179	248
1643	247
1643	248
551	8
551	249
551	17
7211	8
7211	249
7211	17
1544	8
1544	249
1544	17
4977	250
4977	75
4977	38
5362	250
5362	75
5362	38
10435	250
10435	75
10435	38
9364	250
9364	75
9364	38
1431	251
1431	26
1431	252
6911	251
6911	26
6911	252
498	251
498	26
498	252
13628	251
13628	26
13628	252
570	251
570	26
570	252
11660	253
18020	253
6994	253
15073	253
8492	253
9550	253
18206	253
11483	253
6684	253
1899	253
1450	253
5048	253
12191	254
12191	43
12191	2
15723	13
15723	75
15723	17
726	13
726	75
726	17
16710	13
16710	75
16710	17
5904	13
5904	75
5904	17
13494	13
13494	75
13494	17
18157	13
18157	75
18157	17
724	255
724	17
724	75
5360	255
5360	17
5360	75
8367	255
8367	17
8367	75
2123	255
2123	17
2123	75
8228	255
8228	17
8228	75
18115	255
18115	17
18115	75
14797	19
17502	19
5209	19
17968	8
17968	75
17968	19
14194	8
14194	75
14194	19
30	8
30	75
30	19
6793	256
6793	257
10448	258
10448	144
10448	85
4491	89
4491	89
4491	116
14292	89
14292	89
14292	116
13399	89
13399	89
13399	116
12113	89
12113	89
12113	116
11044	54
11044	46
11044	259
1642	54
1642	46
1642	259
12339	54
12339	46
12339	259
18321	54
18321	46
18321	259
13731	260
13731	210
13731	87
3340	260
3340	210
3340	87
11215	260
11215	210
11215	87
8906	260
8906	210
8906	87
2090	260
2090	210
2090	87
8461	260
8461	210
8461	87
1718	260
1718	210
1718	87
13037	55
13037	261
9699	251
9699	83
9699	63
3019	251
3019	83
3019	63
4394	251
4394	83
4394	63
13871	251
13871	83
13871	63
8147	251
8147	83
8147	63
18755	251
18755	83
18755	63
17631	251
17631	83
17631	63
4577	251
4577	83
4577	63
9147	251
9147	83
9147	63
8990	262
8990	57
8990	263
2160	30
2160	224
2160	75
293	30
293	224
293	75
4487	30
4487	224
4487	75
12642	30
12642	224
12642	75
11046	30
11046	224
11046	75
13747	30
13747	224
13747	75
12416	30
12416	224
12416	75
3186	30
3186	224
3186	75
10930	30
10930	224
10930	75
16520	75
16520	17
16520	264
2577	75
2577	17
2577	264
10740	75
10740	17
10740	264
15333	265
15333	71
10148	265
10148	71
8951	265
8951	71
2076	265
2076	71
5771	265
5771	71
4651	265
4651	71
8344	265
8344	71
3661	265
3661	71
13362	265
13362	71
809	266
809	207
809	145
14214	266
14214	207
14214	145
11672	75
11672	267
11672	9
2258	75
2258	267
2258	9
8386	75
8386	267
8386	9
18010	268
18010	269
18010	251
14555	268
14555	269
14555	251
6430	169
6430	71
6430	270
17028	169
17028	71
17028	270
16927	141
16927	271
16927	75
11382	141
11382	271
11382	75
16528	141
16528	271
16528	75
17677	141
17677	271
17677	75
10555	141
10555	271
10555	75
15864	272
15864	31
15864	17
3444	272
3444	31
3444	17
10387	273
10387	274
10387	4
16103	273
16103	274
16103	4
12423	273
12423	274
12423	4
8048	273
8048	274
8048	4
12265	273
12265	274
12265	4
3126	273
3126	274
3126	4
14114	14
14114	50
14114	17
2203	14
2203	50
2203	17
637	14
637	50
637	17
6428	14
6428	50
6428	17
4128	8
4128	275
4128	17
1055	8
1055	275
1055	17
10231	8
10231	275
10231	17
14942	8
14942	275
14942	17
2434	138
2434	50
2434	276
10791	138
10791	50
10791	276
1119	138
1119	50
1119	276
6895	138
6895	50
6895	276
12644	138
12644	50
12644	276
10618	57
10618	277
10618	262
18062	57
18062	277
18062	262
1314	57
1314	277
1314	262
473	57
473	277
473	262
7577	57
7577	277
7577	262
15902	57
15902	277
15902	262
8052	75
8052	33
8052	278
2369	75
2369	33
2369	278
14109	75
14109	33
14109	278
15035	75
15035	33
15035	278
8952	279
8952	75
8952	38
4513	279
4513	75
4513	38
1299	279
1299	75
1299	38
18768	279
18768	75
18768	38
1614	280
1614	38
11561	280
11561	38
5065	280
5065	38
10948	280
10948	38
1022	280
1022	38
17273	280
17273	38
12080	75
12080	72
12080	281
8983	282
4971	282
2363	282
16466	282
13312	282
3669	282
23	283
23	75
112	283
112	75
10563	283
10563	75
12067	283
12067	75
15585	283
15585	75
2701	283
2701	75
8694	235
8694	284
8694	173
2322	235
2322	284
2322	173
3094	235
3094	284
3094	173
3842	235
3842	284
3842	173
2567	235
2567	284
2567	173
7222	190
7222	144
7222	87
11920	190
11920	144
11920	87
6065	17
6065	75
6065	157
5957	17
5957	75
5957	157
16021	17
16021	75
16021	157
3162	17
3162	75
3162	157
18665	17
18665	75
18665	157
5983	19
5983	285
1490	19
1490	285
7206	19
7206	285
16398	19
16398	285
15215	286
15215	26
15215	5
4998	286
4998	26
4998	5
16183	286
16183	26
16183	5
13220	286
13220	26
13220	5
390	287
390	26
390	5
8507	287
8507	26
8507	5
15225	287
15225	26
15225	5
17755	287
17755	26
17755	5
3614	287
3614	26
3614	5
5997	287
5997	26
5997	5
15909	288
15909	157
15909	222
16836	288
16836	157
16836	222
14228	288
14228	157
14228	222
16670	30
16670	17
16670	289
15389	30
15389	17
15389	289
13293	30
13293	17
13293	289
18615	30
18615	17
18615	289
10581	173
10581	290
14511	173
14511	290
10456	291
10456	127
8095	291
8095	127
1738	79
1738	80
1738	292
4488	79
4488	80
4488	292
14069	79
14069	80
14069	292
16327	79
16327	80
16327	292
18766	79
18766	80
18766	292
4729	79
4729	80
4729	292
18530	293
18530	154
18530	294
15419	293
15419	154
15419	294
16683	293
16683	154
16683	294
1920	293
1920	154
1920	294
121	293
121	154
121	294
18218	293
18218	154
18218	294
18370	295
18370	257
8534	42
8534	296
14244	42
14244	296
18482	42
18482	296
6193	42
6193	296
11666	42
11666	296
2368	297
4414	297
16387	298
16387	50
16387	17
2830	207
15089	207
11404	207
14200	207
96	30
96	17
96	299
15292	30
15292	17
15292	299
16944	30
16944	17
16944	299
13823	30
13823	17
13823	299
8259	30
8259	17
8259	299
15857	21
15857	2
826	21
826	2
16143	21
16143	2
9981	127
9981	75
5250	127
5250	75
5466	127
5466	75
2032	300
2032	17
2032	259
5348	300
5348	17
5348	259
5442	300
5442	17
5442	259
10455	300
10455	17
10455	259
14326	300
14326	17
14326	259
9613	33
9613	301
18093	33
18093	301
2490	33
2490	301
10257	33
10257	301
4260	33
4260	301
14382	33
14382	301
1509	33
1509	301
9358	302
16755	302
10697	302
18372	302
13207	303
13207	26
13207	17
5383	303
5383	26
5383	17
18023	303
18023	26
18023	17
16347	184
16347	38
16347	304
5080	184
5080	38
5080	304
9596	184
9596	38
9596	304
7928	305
7928	173
379	2
379	83
379	75
10676	2
10676	83
10676	75
7819	306
7819	307
7819	308
14019	306
14019	307
14019	308
17211	306
17211	307
17211	308
6054	306
6054	307
6054	308
18012	306
18012	307
18012	308
16032	75
16032	309
16032	222
6189	75
6189	309
6189	222
7540	75
7540	309
7540	222
16330	75
16330	309
16330	222
15351	75
15351	309
15351	222
7254	75
7254	309
7254	222
2345	310
14904	310
15445	310
7217	310
7129	310
6327	311
6327	57
6327	263
14965	311
14965	57
14965	263
5088	311
5088	57
5088	263
17743	311
17743	57
17743	263
8525	311
8525	57
8525	263
11948	312
11948	19
1335	312
1335	19
18194	75
18194	199
18194	17
5308	8
5308	313
5308	4
4799	8
4799	313
4799	4
7007	8
7007	313
7007	4
13643	8
13643	313
13643	4
127	8
127	313
127	4
12676	184
12676	314
12676	257
12587	184
12587	314
12587	257
2131	184
2131	314
2131	257
12135	315
12135	144
12135	85
16272	315
16272	144
16272	85
8610	162
8610	316
13449	162
13449	316
7849	162
7849	316
13758	162
13758	316
18073	162
18073	316
3480	162
3480	316
10949	162
10949	316
4850	317
4850	132
4850	10
3020	317
3020	132
3020	10
921	317
921	132
921	10
8767	317
8767	132
8767	10
7951	91
7951	318
17537	91
17537	318
4554	319
4554	50
4554	26
8012	319
8012	50
8012	26
1584	134
1430	134
18377	320
18377	38
18377	57
2212	320
2212	38
2212	57
8871	320
8871	38
8871	57
12531	321
12531	38
8166	321
8166	38
16231	321
16231	38
2552	321
2552	38
10933	321
10933	38
8217	30
8217	17
8217	322
17847	30
17847	17
17847	322
18581	30
18581	17
18581	322
9465	323
9465	71
15119	323
15119	71
11691	323
11691	71
16604	323
16604	71
2243	323
2243	71
1708	323
1708	71
17680	323
17680	71
1664	259
1664	50
1664	17
4732	259
4732	50
4732	17
8833	259
8833	50
8833	17
13509	259
13509	50
13509	17
6639	222
6639	173
6639	324
9280	222
9280	173
9280	324
8656	222
8656	173
8656	324
15435	222
15435	173
15435	324
11538	222
11538	173
11538	324
3265	222
3265	173
3265	324
4431	222
4431	173
4431	324
6421	325
6421	162
6421	316
6490	325
6490	162
6490	316
1429	325
1429	162
1429	316
16445	30
16445	17
16445	326
4087	30
4087	17
4087	326
18385	55
18385	175
18385	140
11808	55
11808	175
11808	140
3389	55
3389	175
3389	140
1341	55
1341	175
1341	140
11967	55
11967	175
11967	140
15578	55
15578	175
15578	140
15623	55
15623	175
15623	140
3033	55
3033	175
3033	140
11257	327
11257	75
11257	54
1842	327
1842	75
1842	54
7935	327
7935	75
7935	54
13044	327
13044	75
13044	54
9116	327
9116	75
9116	54
13544	327
13544	75
13544	54
3482	327
3482	75
3482	54
15574	17
15574	328
15574	5
3228	17
3228	328
3228	5
12307	17
12307	328
12307	5
11050	17
11050	328
11050	5
8936	17
8936	328
8936	5
15731	17
15731	328
15731	5
8006	329
8006	17
8006	330
17686	329
17686	17
17686	330
4216	329
4216	17
4216	330
14170	329
14170	17
14170	330
8206	329
8206	17
8206	330
5016	329
5016	17
5016	330
133	329
133	17
133	330
11830	293
11830	154
11830	331
10467	293
10467	154
10467	331
9375	293
9375	154
9375	331
3737	329
3737	17
3737	332
1651	329
1651	17
1651	332
4298	329
4298	17
4298	332
7859	333
16673	333
17912	333
15334	333
3218	169
3218	198
3218	177
6702	169
6702	198
6702	177
778	169
778	198
778	177
11205	138
11205	334
11205	26
14130	138
14130	334
14130	26
17263	57
17263	335
5520	57
5520	335
15549	57
15549	335
1638	57
1638	335
7833	57
7833	335
4158	57
4158	335
16430	57
16430	335
14328	57
14328	335
8632	336
6457	336
7290	336
8555	208
8555	4
8555	38
548	208
548	4
548	38
2725	208
2725	4
2725	38
15697	208
15697	4
15697	38
6751	208
6751	4
6751	38
18747	208
18747	4
18747	38
7358	208
7358	337
7358	145
9930	208
9930	337
9930	145
16778	208
16778	337
16778	145
15347	208
15347	337
15347	145
18480	208
18480	337
18480	145
12076	208
12076	337
12076	145
14676	326
14676	338
14676	57
13763	57
13763	259
13763	339
9618	57
9618	259
9618	339
9883	325
9883	316
9883	46
11543	325
11543	316
11543	46
8061	325
8061	316
8061	46
9240	325
9240	316
9240	46
10131	325
10131	316
10131	46
7593	325
7593	316
7593	46
7802	325
7802	316
7802	46
3053	325
3053	316
3053	46
8074	340
8074	141
8074	162
10254	82
10254	83
10254	1
502	82
502	83
502	1
17640	341
17640	17
17640	50
18290	341
18290	17
18290	50
17822	341
17822	17
17822	50
7739	341
7739	17
7739	50
14067	341
14067	17
14067	50
12560	145
12560	342
11362	145
11362	342
11409	79
11409	80
11409	343
9200	79
9200	80
9200	343
8866	79
8866	80
8866	343
13817	79
13817	80
13817	343
8264	75
8264	344
4242	75
4242	344
15521	75
15521	344
9782	75
9782	344
14985	79
14985	345
14985	208
17709	79
17709	345
17709	208
2674	79
2674	345
2674	208
9472	79
9472	345
9472	208
5103	79
5103	345
5103	208
17192	75
17192	346
17192	33
15666	75
15666	346
15666	33
624	75
624	346
624	33
7487	75
7487	346
7487	33
18065	75
18065	346
18065	33
17389	75
17389	346
17389	33
15045	75
15045	346
15045	33
2161	75
2161	346
2161	33
4803	19
4803	75
4803	347
9428	19
9428	75
9428	347
9621	19
9621	75
9621	347
14084	19
14084	75
14084	347
2752	19
2752	75
2752	347
1264	19
1264	75
1264	347
10409	348
10409	157
10409	349
18760	348
18760	157
18760	349
13383	348
13383	157
13383	349
523	348
523	157
523	349
4077	348
4077	157
4077	349
1219	350
1219	83
1219	75
13245	350
13245	83
13245	75
8641	350
8641	83
8641	75
3860	350
3860	83
3860	75
4148	351
4148	352
4148	353
2061	351
2061	352
2061	353
2148	351
2148	352
2148	353
12552	42
369	42
17262	42
17829	42
14166	354
14166	275
14166	75
7479	354
7479	275
7479	75
9198	354
9198	275
9198	75
4276	354
4276	275
4276	75
5843	354
5843	275
5843	75
3303	125
3303	54
3303	355
2607	125
2607	54
2607	355
9234	125
9234	54
9234	355
15046	125
15046	54
15046	355
5498	125
5498	54
5498	355
645	38
645	356
645	144
4075	38
4075	356
4075	144
7256	38
7256	356
7256	144
17362	38
17362	356
17362	144
4531	269
4531	17
4531	50
12736	269
12736	17
12736	50
13074	269
13074	17
13074	50
1035	269
1035	17
1035	50
14803	269
14803	17
14803	50
1357	269
1357	17
1357	50
1037	269
1037	17
1037	50
3216	329
3216	17
3216	357
6488	358
6488	46
6488	75
723	358
723	46
723	75
15749	151
15749	359
15749	14
9249	151
9249	359
9249	14
13533	151
13533	359
13533	14
13979	151
13979	359
13979	14
9702	151
9702	359
9702	14
5028	169
5028	94
5028	75
17620	169
17620	94
17620	75
17257	169
17257	94
17257	75
8574	57
8574	360
8574	262
13390	57
13390	360
13390	262
13810	57
13810	360
13810	262
2366	293
2366	75
2366	67
474	293
474	75
474	67
17220	293
17220	75
17220	67
12234	293
12234	75
12234	67
11062	361
11062	158
1839	361
1839	158
15562	361
15562	158
7598	361
7598	158
1631	361
1631	158
4272	79
4272	80
4272	141
5420	79
5420	80
5420	141
919	79
919	80
919	141
3082	362
3082	199
3082	208
10629	362
10629	199
10629	208
15408	362
15408	199
15408	208
4884	362
4884	199
4884	208
16908	362
16908	199
16908	208
12230	362
12230	199
12230	208
434	362
434	199
434	208
3404	362
3404	199
3404	208
18214	363
18214	80
10605	363
10605	80
18512	363
18512	80
10973	363
10973	80
4429	352
4429	57
406	352
406	57
8891	352
8891	57
15799	352
15799	57
8255	43
8255	275
12544	43
12544	275
14775	43
14775	275
6495	43
6495	275
18380	43
18380	275
17449	43
17449	275
2004	364
2004	50
2004	17
7953	364
7953	50
7953	17
13513	364
13513	50
13513	17
11545	364
11545	50
11545	17
11574	364
11574	50
11574	17
6217	364
6217	50
6217	17
627	364
627	50
627	17
1963	42
1963	26
1963	244
15018	42
15018	26
15018	244
10296	42
10296	26
10296	244
10504	42
10504	26
10504	244
11881	265
11881	75
11881	99
2118	265
2118	75
2118	99
1096	265
1096	75
1096	99
16620	265
16620	75
16620	99
16729	329
16729	17
16729	365
3849	329
3849	17
3849	365
11812	329
11812	17
11812	365
18250	329
18250	17
18250	365
6935	329
6935	17
6935	365
5047	329
5047	17
5047	365
17330	329
17330	17
17330	365
6228	366
6228	54
6228	2
15595	366
15595	54
15595	2
5555	366
5555	54
5555	2
13321	366
13321	54
13321	2
13041	366
13041	54
13041	2
16891	366
16891	54
16891	2
7730	367
7730	17
7730	75
7306	367
7306	17
7306	75
12415	367
12415	17
12415	75
9070	367
9070	17
9070	75
17611	67
15910	67
6101	67
7645	67
2514	67
13912	105
13912	38
13912	368
3751	105
3751	38
3751	368
4634	105
4634	38
4634	368
11085	369
11085	83
11085	54
8561	369
8561	83
8561	54
14992	369
14992	83
14992	54
467	369
467	83
467	54
12040	369
12040	83
12040	54
3897	369
3897	83
3897	54
5019	369
5019	83
5019	54
12506	370
12506	50
12506	17
7242	370
7242	50
7242	17
7477	329
7477	75
16539	329
16539	75
8335	329
8335	75
3070	329
3070	75
10795	329
10795	75
9276	329
9276	75
18294	329
18294	75
3569	75
3569	73
3569	38
3113	75
3113	73
3113	38
10326	75
10326	73
10326	38
9162	75
9162	73
9162	38
2660	100
2660	371
12456	100
12456	371
4650	372
4650	82
4650	54
17569	372
17569	82
17569	54
17147	372
17147	82
17147	54
11111	372
11111	82
11111	54
7459	372
7459	82
7459	54
14792	208
14792	85
14792	210
2285	208
2285	85
2285	210
4229	208
4229	85
4229	210
16201	208
16201	85
16201	210
3431	169
3431	71
3431	162
2264	169
2264	71
2264	162
224	169
224	71
224	162
13554	169
13554	71
13554	162
3005	169
3005	71
3005	162
3572	169
3572	71
3572	162
13940	83
13940	259
11075	83
11075	259
7524	83
7524	259
10219	83
10219	259
2582	83
2582	259
5254	83
5254	259
9017	83
9017	259
5297	57
5297	153
5297	50
8116	57
8116	153
8116	50
16780	57
16780	153
16780	50
14755	57
14755	153
14755	50
11865	57
11865	153
11865	50
11622	373
9153	373
17672	111
17672	374
3056	111
3056	374
13735	111
13735	374
2872	111
2872	374
5197	182
5197	75
9037	182
9037	75
5200	329
5200	17
5200	375
2809	329
2809	17
2809	375
17671	329
17671	17
17671	375
9615	329
9615	17
9615	375
6652	329
6652	17
6652	375
7791	144
7791	184
7791	160
3948	144
3948	184
3948	160
16954	144
16954	184
16954	160
12496	144
12496	184
12496	160
17579	75
17579	376
17579	212
11453	75
11453	376
11453	212
5596	75
5596	376
5596	212
17198	100
17198	377
17198	145
2546	43
2546	378
2546	54
5007	43
5007	378
5007	54
3454	43
3454	378
3454	54
10451	379
10451	270
14334	379
14334	270
17636	379
17636	270
11407	379
11407	270
4225	380
4225	177
4225	5
13411	380
13411	177
13411	5
6633	380
6633	177
6633	5
3261	380
3261	177
3261	5
5077	380
5077	177
5077	5
1588	380
1588	177
1588	5
8630	380
8630	177
8630	5
5178	380
5178	177
5178	5
15613	381
15532	381
8051	381
254	381
18725	382
18725	75
18725	5
4779	382
4779	75
4779	5
12091	382
12091	75
12091	5
13244	382
13244	75
13244	5
11825	382
11825	75
11825	5
8312	382
8312	75
8312	5
9014	382
9014	75
9014	5
12054	382
12054	75
12054	5
16841	91
16841	383
16841	51
6881	91
6881	383
6881	51
8140	91
8140	383
8140	51
5607	284
2642	284
7567	284
6130	284
4391	284
14379	384
14379	54
14379	2
12517	384
12517	54
12517	2
16408	384
16408	54
16408	2
11397	202
11397	385
11397	172
840	202
840	385
840	172
5188	202
5188	385
5188	172
4724	382
4724	386
4724	17
4169	382
4169	386
4169	17
6910	382
6910	386
6910	17
6068	382
6068	386
6068	17
7748	382
7748	386
7748	17
11815	382
11815	386
11815	17
9466	293
9466	387
9466	224
11171	293
11171	387
11171	224
14332	293
14332	387
14332	224
13051	293
13051	387
13051	224
9179	79
9179	80
9179	388
2093	79
2093	80
2093	388
12429	79
12429	80
12429	388
7934	8
7934	36
7934	389
15426	36
15426	17
15426	75
2475	36
2475	17
2475	75
564	48
564	48
564	16
3975	48
3975	48
3975	16
7561	48
7561	48
7561	16
4993	48
4993	48
4993	16
8381	50
8381	75
8381	151
673	390
673	75
673	17
16290	390
16290	75
16290	17
13419	390
13419	75
13419	17
8041	390
8041	75
8041	17
8345	390
8345	75
8345	17
2057	391
2057	17
2057	50
7272	391
7272	17
7272	50
8789	391
8789	17
8789	50
2041	391
2041	17
2041	50
3680	392
3680	224
3680	138
4722	392
4722	224
4722	138
13420	392
13420	224
13420	138
14836	393
14836	86
14836	145
18509	393
18509	86
18509	145
17476	393
17476	86
17476	145
1311	393
1311	86
1311	145
13232	393
13232	86
13232	145
1919	394
1919	9
1919	144
6868	394
6868	9
6868	144
3358	394
3358	9
3358	144
2172	394
2172	9
2172	144
11017	394
11017	9
11017	144
7502	394
7502	9
7502	144
5633	394
5633	9
5633	144
10858	59
10858	395
10858	91
2755	59
2755	395
2755	91
740	59
740	395
740	91
1528	17
1528	83
1528	397
11526	17
11526	83
11526	397
12524	17
12524	83
12524	397
15758	17
15758	83
15758	397
12124	17
12124	83
12124	397
15034	22
15034	54
15034	2
7630	22
7630	54
7630	2
334	22
334	54
334	2
69	173
69	398
69	80
11238	173
11238	398
11238	80
8752	173
8752	398
8752	80
7945	173
7945	398
7945	80
18346	173
18346	398
18346	80
8137	173
8137	398
8137	80
18272	173
18272	398
18272	80
631	49
631	263
9052	49
9052	263
17204	49
17204	263
7904	49
7904	263
14884	49
14884	263
15120	49
15120	263
4819	399
4819	54
4819	2
11038	399
11038	54
11038	2
16529	399
16529	54
16529	2
499	399
499	54
499	2
9112	399
9112	54
9112	2
1737	399
1737	54
1737	2
1658	167
1658	257
12184	167
12184	257
122	167
122	257
2628	167
2628	257
1972	129
1972	33
2745	129
2745	33
11795	129
11795	33
791	129
791	33
6078	129
6078	33
16661	75
16661	400
16661	127
14224	75
14224	400
14224	127
10494	75
10494	400
10494	127
16840	75
16840	400
16840	127
1258	75
1258	400
1258	127
9862	75
9862	400
9862	127
1196	401
12671	402
12671	75
12671	38
3770	402
3770	75
3770	38
10026	353
10026	17
10026	50
6713	353
6713	17
6713	50
17277	353
17277	17
17277	50
10810	353
10810	17
10810	50
15696	353
15696	17
15696	50
9671	353
9671	17
9671	50
14147	353
14147	17
14147	50
10124	382
10124	403
10124	17
14916	382
14916	403
14916	17
14222	382
14222	403
14222	17
7395	382
7395	403
7395	17
11024	382
11024	403
11024	17
7340	382
7340	403
7340	17
8572	404
8572	293
8572	138
1077	404
1077	293
1077	138
6220	404
6220	293
6220	138
15862	404
15862	293
15862	138
13313	154
13313	50
13313	115
9777	154
9777	50
9777	115
1650	154
1650	50
1650	115
4423	154
4423	50
4423	115
11698	154
11698	50
11698	115
3473	154
3473	50
3473	115
9992	154
9992	50
9992	115
11113	154
11113	50
11113	115
11207	405
5682	405
11621	405
15958	405
6351	329
6351	406
6351	75
17374	329
17374	406
17374	75
4825	138
4825	407
4825	17
14597	138
14597	407
14597	17
3110	138
3110	407
3110	17
678	138
678	407
678	17
1855	138
1855	407
1855	17
12569	138
12569	407
12569	17
17950	138
17950	407
17950	17
3093	138
3093	407
3093	17
2497	75
2497	87
2497	408
17550	75
17550	87
17550	408
5326	75
5326	87
5326	408
6757	8
6757	409
6757	17
6582	8
6582	409
6582	17
11774	8
11774	409
11774	17
14902	8
14902	409
14902	17
3916	8
3916	409
3916	17
2082	8
2082	409
2082	17
6803	8
6803	409
6803	17
1610	329
1610	17
1610	410
10994	411
10994	82
10994	54
6631	411
6631	82
6631	54
9238	411
9238	82
9238	54
18521	411
18521	82
18521	54
1902	57
1902	83
1902	412
16116	57
16116	83
16116	412
17765	57
17765	83
17765	412
17541	57
17541	83
17541	412
2878	57
2878	83
2878	412
16549	75
16549	91
16549	413
17035	75
17035	91
17035	413
1659	75
1659	91
1659	413
6136	75
6136	91
6136	413
4784	75
4784	91
4784	413
2400	75
2400	91
2400	413
5636	167
5636	414
15284	382
15284	38
15284	91
2240	382
2240	38
2240	91
9135	415
9135	147
9135	63
3416	415
3416	147
3416	63
5865	415
5865	147
5865	63
11506	415
11506	147
11506	63
12101	415
12101	147
12101	63
11487	416
2883	416
4811	416
4138	75
4138	178
10797	75
10797	178
265	75
265	178
3399	75
3399	178
6173	75
6173	178
340	75
340	178
7779	417
7779	54
7779	2
15429	417
15429	54
15429	2
24	417
24	54
24	2
10240	417
10240	54
10240	2
7304	417
7304	54
7304	2
9914	417
9914	54
9914	2
10751	417
10751	54
10751	2
4371	79
4371	418
4371	129
18545	79
18545	418
18545	129
3272	79
3272	418
3272	129
12060	79
12060	418
12060	129
3729	79
3729	418
3729	129
6825	173
6825	184
6825	419
6565	173
6565	184
6565	419
15364	173
15364	184
15364	419
8553	173
8553	184
8553	419
6178	173
6178	184
6178	419
1742	138
1742	420
1742	50
17774	138
17774	420
17774	50
4785	421
6121	421
746	421
8773	422
8773	144
8773	208
9171	422
9171	144
9171	208
7421	422
7421	144
7421	208
17039	423
17039	161
17039	75
14950	423
14950	161
14950	75
12986	213
12986	75
12986	115
15518	213
15518	75
15518	115
1009	213
1009	75
1009	115
10980	213
10980	75
10980	115
15053	213
15053	75
15053	115
17889	213
17889	75
17889	115
10064	213
10064	75
10064	115
15556	213
15556	75
15556	115
5938	213
5938	75
5938	115
15064	213
15064	75
15064	115
12728	213
12728	75
12728	115
5384	424
5384	293
5384	75
15124	424
15124	293
15124	75
15170	424
15170	293
15170	75
17663	424
17663	293
17663	75
8783	424
8783	293
8783	75
6577	424
6577	293
6577	75
4597	425
4597	38
5792	425
5792	38
16977	265
16977	426
18396	265
18396	426
3835	265
3835	426
2802	368
2802	427
10520	368
10520	427
16561	428
16561	83
16561	153
4006	429
6500	429
2394	429
12430	429
4235	429
1513	429
15382	80
15382	430
8352	80
8352	430
11789	8
11789	50
11789	151
10114	8
10114	50
10114	151
15566	8
15566	50
15566	151
10849	293
10849	154
10849	431
18653	293
18653	154
18653	431
4986	293
4986	154
4986	431
18738	293
18738	154
18738	431
13796	293
13796	154
13796	431
7704	16
7704	17
7704	75
8637	16
8637	17
8637	75
5900	16
5900	17
5900	75
13392	432
13392	38
16300	432
16300	38
722	432
722	38
9293	432
9293	38
4153	55
4153	50
4153	8
3166	55
3166	50
3166	8
8466	55
8466	50
8466	8
368	55
368	50
368	8
7571	55
7571	50
7571	8
4281	173
4281	173
4281	75
15161	173
15161	173
15161	75
14012	173
14012	173
14012	75
10874	173
10874	173
10874	75
6966	433
8201	433
5023	433
1757	433
12215	434
12215	75
12215	33
1445	434
1445	75
1445	33
10372	434
10372	75
10372	33
7284	434
7284	75
7284	33
10542	434
10542	75
10542	33
13279	434
13279	75
13279	33
13569	434
13569	75
13569	33
12948	169
12948	435
12948	168
3876	169
3876	435
3876	168
9831	33
9831	324
9831	159
15315	33
15315	324
15315	159
2054	436
2054	144
2054	160
17464	436
17464	144
17464	160
15648	436
15648	144
15648	160
17183	436
17183	144
17183	160
10878	436
10878	144
10878	160
17730	199
17730	437
17730	17
10904	199
10904	437
10904	17
1239	438
12427	438
7528	438
3359	439
3359	17
3359	75
15527	439
15527	17
15527	75
8064	439
8064	17
8064	75
15781	439
15781	17
15781	75
5031	329
5031	17
5031	440
7625	329
7625	17
7625	440
11722	349
11722	91
11722	75
13199	135
15834	135
17187	135
17875	135
17936	75
17936	441
17936	72
14212	75
14212	441
14212	72
12854	75
12854	441
12854	72
18663	75
18663	441
18663	72
9593	75
9593	441
9593	72
2583	38
2583	442
2583	173
15809	38
15809	442
15809	173
2743	444
2743	75
11150	444
11150	75
15262	169
15262	445
15262	75
7400	169
7400	445
7400	75
5924	169
5924	445
5924	75
1563	242
1563	75
1563	173
12566	242
12566	75
12566	173
7727	242
7727	75
7727	173
650	242
650	75
650	173
4035	242
4035	75
4035	173
156	242
156	75
156	173
17140	275
17140	293
17140	446
16558	275
16558	293
16558	446
6308	275
6308	293
6308	446
6299	275
6299	293
6299	446
1163	275
1163	293
1163	446
9590	275
9590	293
9590	446
2760	138
2760	17
2760	75
11879	447
11879	129
11879	69
298	447
298	129
298	69
6436	208
6436	448
6436	307
9878	208
9878	448
9878	307
2124	208
2124	448
2124	307
17600	208
17600	448
17600	307
17739	208
17739	448
17739	307
17953	342
17953	80
17347	342
17347	80
5552	342
5552	80
13460	342
13460	80
16645	342
16645	80
6179	342
6179	80
8197	342
8197	80
14634	342
14634	80
18039	342
18039	80
980	449
3873	449
15680	449
14534	450
10592	450
8827	450
14977	450
2255	145
2255	451
14041	145
14041	451
17143	145
17143	451
15705	91
15705	75
15705	212
13118	91
13118	75
13118	212
11478	452
14175	452
947	452
16425	452
6029	28
6029	184
13388	28
13388	184
10122	28
10122	184
3063	28
3063	184
7923	28
7923	184
4413	28
4413	184
17604	28
17604	184
2188	307
2188	273
17290	307
17290	273
18312	307
18312	273
16697	307
16697	273
8050	307
8050	273
12717	453
12717	302
6035	453
6035	302
5578	453
5578	302
15690	453
15690	302
583	453
583	302
6172	453
6172	302
13469	169
13469	454
13469	71
16211	169
16211	454
16211	71
10913	169
10913	454
10913	71
11646	169
11646	454
11646	71
4392	169
4392	454
4392	71
10173	169
10173	454
10173	71
8732	169
8732	454
8732	71
15855	169
15855	454
15855	71
4822	169
4822	454
4822	71
6438	169
6438	454
6438	71
1749	455
1749	141
12305	455
12305	141
17668	456
17668	75
5086	456
5086	75
16412	456
16412	75
11068	382
11068	75
11068	457
270	382
270	75
270	457
1182	382
1182	75
1182	457
4551	382
4551	75
4551	457
6519	382
6519	75
6519	457
1242	87
1242	210
13633	87
13633	210
5042	87
5042	210
4581	87
4581	210
6056	87
6056	210
6089	87
6089	210
17886	87
17886	210
6317	458
3034	458
16359	458
12743	458
5860	458
760	459
760	71
760	75
3670	459
3670	71
3670	75
4200	459
4200	71
4200	75
7152	459
7152	71
7152	75
3074	459
3074	71
3074	75
7514	208
7514	75
7514	460
8836	208
8836	75
8836	460
16849	208
16849	75
16849	460
18350	208
18350	75
18350	460
10733	208
10733	75
10733	460
11643	208
11643	75
11643	460
3002	461
3002	144
3002	160
17001	461
17001	144
17001	160
11104	461
11104	144
11104	160
9144	461
9144	144
9144	160
1019	461
1019	144
1019	160
6753	232
15360	232
4750	143
4750	462
2277	143
2277	462
2758	143
2758	462
3437	463
3437	154
3437	26
15776	463
15776	154
15776	26
3675	463
3675	154
3675	26
3789	86
3789	145
10213	86
10213	145
15848	86
15848	145
9787	86
9787	145
13616	171
13616	86
4536	171
4536	86
16512	393
16512	4
15217	393
15217	4
9860	393
9860	4
6398	393
6398	4
1654	393
1654	4
8420	393
8420	4
526	247
15220	247
7763	247
9768	247
9138	247
5519	247
13576	247
1419	307
1419	33
1419	144
13994	307
13994	33
13994	144
3278	307
3278	33
3278	144
11195	307
11195	33
11195	144
15442	307
15442	33
15442	144
