0	0
0	1
0	2
1	3
1	4
1	5
2	6
2	7
2	8
3	9
3	10
3	11
4	12
4	13
4	14
5	15
5	16
5	17
6	18
6	17
6	19
7	20
7	21
7	22
8	23
8	24
8	25
9	26
9	17
9	27
10	28
10	7
10	29
11	30
11	31
11	32
12	33
12	34
12	4
13	35
13	8
13	36
14	37
14	26
14	38
15	39
15	25
15	40
16	41
16	42
16	43
17	44
17	5
17	26
18	45
18	38
18	46
19	47
19	48
19	49
20	50
20	51
20	17
21	52
22	53
22	54
22	2
23	55
23	56
23	57
24	58
24	17
24	31
25	59
25	38
25	22
26	60
26	19
26	59
27	30
27	61
27	51
28	62
28	63
28	64
29	65
29	66
29	67
30	68
30	69
30	68
31	70
32	59
32	71
32	72
33	19
33	39
33	73
34	54
34	46
34	19
35	74
35	75
35	76
36	64
36	77
36	64
37	30
37	17
37	75
38	55
38	26
38	78
39	79
39	80
39	81
40	82
40	83
40	2
41	43
41	54
41	84
42	85
42	86
42	87
43	88
43	89
43	90
44	91
44	92
44	14
45	93
45	94
45	75
46	95
46	96
46	68
47	51
47	38
47	97
48	98
48	99
48	54
49	100
49	30
49	31
50	31
50	17
50	101
51	102
52	75
52	103
52	104
53	7
53	105
53	38
54	106
54	54
54	2
55	30
55	107
55	51
56	24
56	108
56	23
57	109
57	75
57	24
58	79
58	80
58	110
59	63
60	59
60	111
61	112
62	113
63	114
63	75
63	115
64	49
64	116
65	8
65	104
65	17
66	91
66	117
67	118
67	17
67	75
68	30
68	31
68	75
69	2
69	119
69	83
70	120
70	99
70	54
71	121
71	105
71	71
72	30
72	17
72	122
73	79
73	80
73	123
74	124
74	75
75	125
75	54
75	2
76	126
76	43
76	127
77	75
77	128
77	129
78	19
78	75
78	130
79	131
79	132
79	133
80	134
80	135
80	136
81	137
81	42
81	138
82	139
82	75
83	140
83	19
83	46
84	75
84	28
84	141
85	30
85	142
85	75
86	143
86	144
86	145
87	146
87	46
87	75
88	64
88	147
89	30
89	100
89	148
90	30
90	149
90	75
91	19
91	150
91	77
92	75
92	151
92	152
93	153
93	57
94	154
94	26
94	155
95	156
95	38
95	157
96	71
96	158
97	79
97	80
97	11
98	64
98	159
98	46
99	76
99	75
99	105
100	57
100	77
100	38
101	19
101	85
101	160
102	161
102	162
102	75
103	163
104	164
104	165
104	54
105	71
105	150
106	166
106	75
106	7
107	167
108	30
108	168
108	75
109	79
109	80
110	169
110	170
111	75
111	72
111	171
112	172
112	137
112	173
113	174
113	175
113	42
114	176
114	38
114	125
115	8
115	50
115	154
116	169
116	177
116	178
117	179
117	75
117	51
118	180
118	162
118	75
119	30
119	17
119	181
120	17
120	131
120	182
121	138
121	50
121	183
122	184
122	185
122	73
123	186
123	129
124	145
124	37
124	187
125	19
125	188
125	38
126	189
126	190
126	87
127	19
127	134
127	133
128	191
129	91
129	192
130	193
131	46
131	54
131	194
132	75
132	195
132	17
133	196
133	54
133	2
134	85
134	19
134	197
135	71
135	198
135	75
136	199
136	26
136	17
137	30
137	17
137	200
138	55
138	129
138	201
139	8
139	50
139	202
140	147
140	95
140	69
141	19
141	134
141	203
142	59
142	78
142	204
143	205
143	75
143	33
144	206
144	207
145	208
145	209
145	210
146	211
146	212
146	213
147	214
147	75
147	30
148	173
148	66
148	184
149	215
149	132
149	10
150	71
150	59
150	216
151	217
152	145
152	19
152	218
153	219
153	168
153	17
154	8
154	138
154	75
155	79
155	10
155	208
156	184
156	75
156	220
157	221
157	73
157	75
158	222
158	81
158	87
159	38
159	173
159	223
160	8
160	224
160	225
161	19
161	86
161	85
162	40
162	38
162	135
163	59
163	24
163	38
164	226
164	10
165	38
165	227
166	55
166	164
167	228
167	173
167	208
168	59
168	229
168	91
169	30
169	230
169	51
170	231
170	17
170	75
171	69
171	232
172	233
172	9
172	33
173	19
173	234
173	222
174	235
174	135
174	236
175	237
175	75
175	17
176	17
176	75
176	238
177	239
177	71
177	75
178	138
178	17
178	240
179	241
179	38
179	242
180	243
180	244
180	41
181	19
181	75
181	245
182	8
182	17
182	246
183	247
183	248
184	8
184	249
184	17
185	250
185	75
185	38
186	251
186	26
186	252
187	253
188	254
188	43
188	2
189	13
189	75
189	17
190	255
190	17
190	75
191	19
192	8
192	75
192	19
193	256
193	257
194	258
194	144
194	85
195	89
195	89
195	116
196	54
196	46
196	259
197	260
197	210
197	87
198	55
198	261
199	251
199	83
199	63
200	262
200	57
200	263
201	30
201	224
201	75
202	75
202	17
202	264
203	265
203	71
204	266
204	207
204	145
205	75
205	267
205	9
206	268
206	269
206	251
207	169
207	71
207	270
208	141
208	271
208	75
209	272
209	31
209	17
210	273
210	274
210	4
211	14
211	50
211	17
212	8
212	275
212	17
213	138
213	50
213	276
214	57
214	277
214	262
215	75
215	33
215	278
216	279
216	75
216	38
217	280
217	38
218	75
218	72
218	281
219	282
220	283
220	75
221	235
221	284
221	173
222	190
222	144
222	87
223	17
223	75
223	157
224	19
224	285
225	286
225	26
225	5
226	287
226	26
226	5
227	288
227	157
227	222
228	30
228	17
228	289
229	173
229	290
230	291
230	127
231	79
231	80
231	292
232	293
232	154
232	294
233	295
233	257
234	42
234	296
235	297
236	298
236	50
236	17
237	207
238	30
238	17
238	299
239	21
239	2
240	127
240	75
241	300
241	17
241	259
242	33
242	301
243	302
244	303
244	26
244	17
245	184
245	38
245	304
246	55
246	76
246	129
247	305
247	173
248	2
248	83
248	75
249	306
249	307
249	308
250	75
250	309
250	222
251	310
252	311
252	57
252	263
253	312
253	19
254	75
254	199
254	17
255	8
255	313
255	4
256	184
256	314
256	257
257	315
257	144
257	85
258	162
258	316
259	317
259	132
259	10
260	91
260	318
261	319
261	50
261	26
262	134
263	320
263	38
263	57
264	321
264	38
265	30
265	17
265	322
266	323
266	71
267	259
267	50
267	17
268	222
268	173
268	324
269	325
269	162
269	316
270	30
270	17
270	326
271	55
271	175
271	140
272	327
272	75
272	54
273	17
273	328
273	5
274	329
274	17
274	330
275	293
275	154
275	331
276	329
276	17
276	332
277	333
278	169
278	198
278	177
279	138
279	334
279	26
280	57
280	335
281	336
282	208
282	4
282	38
283	208
283	337
283	145
284	326
284	338
284	57
285	57
285	259
285	339
286	325
286	316
286	46
287	340
287	141
287	162
288	82
288	83
288	1
289	341
289	17
289	50
290	145
290	342
291	79
291	80
291	343
292	75
292	344
293	79
293	345
293	208
294	75
294	346
294	33
295	19
295	75
295	347
296	348
296	157
296	349
297	350
297	83
297	75
298	351
298	352
298	353
299	42
300	354
300	275
300	75
301	125
301	54
301	355
302	38
302	356
302	144
303	269
303	17
303	50
304	329
304	17
304	357
305	358
305	46
305	75
306	151
306	359
306	14
307	169
307	94
307	75
308	57
308	360
308	262
309	293
309	75
309	67
310	361
310	158
311	79
311	80
311	141
312	362
312	199
312	208
313	363
313	80
314	352
314	57
315	43
315	275
316	364
316	50
316	17
317	42
317	26
317	244
318	265
318	75
318	99
319	329
319	17
319	365
320	366
320	54
320	2
321	367
321	17
321	75
322	67
323	105
323	38
323	368
324	369
324	83
324	54
325	370
325	50
325	17
326	329
326	75
327	75
327	73
327	38
328	100
328	371
329	372
329	82
329	54
330	208
330	85
330	210
331	169
331	71
331	162
332	83
332	259
333	57
333	153
333	50
334	373
335	111
335	374
336	182
336	75
337	329
337	17
337	375
338	144
338	184
338	160
339	75
339	376
339	212
340	100
340	377
340	145
341	43
341	378
341	54
342	379
342	270
343	380
343	177
343	5
344	381
345	382
345	75
345	5
346	91
346	383
346	51
347	284
348	384
348	54
348	2
349	202
349	385
349	172
350	382
350	386
350	17
351	293
351	387
351	224
352	79
352	80
352	388
353	8
353	36
353	389
354	36
354	17
354	75
355	48
355	48
355	16
356	50
356	75
356	151
357	390
357	75
357	17
358	391
358	17
358	50
359	392
359	224
359	138
360	393
360	86
360	145
361	394
361	9
361	144
362	59
362	395
362	91
363	396
363	17
363	75
364	17
364	83
364	397
365	22
365	54
365	2
366	173
366	398
366	80
367	49
367	263
368	399
368	54
368	2
369	167
369	257
370	129
370	33
371	75
371	400
371	127
372	401
373	402
373	75
373	38
374	353
374	17
374	50
375	382
375	403
375	17
376	404
376	293
376	138
377	154
377	50
377	115
378	405
379	329
379	406
379	75
380	138
380	407
380	17
381	75
381	87
381	408
382	8
382	409
382	17
383	329
383	17
383	410
384	411
384	82
384	54
385	57
385	83
385	412
386	75
386	91
386	413
387	167
387	414
388	382
388	38
388	91
389	415
389	147
389	63
390	416
391	75
391	178
392	417
392	54
392	2
393	79
393	418
393	129
394	173
394	184
394	419
395	138
395	420
395	50
396	421
397	422
397	144
397	208
398	423
398	161
398	75
399	213
399	75
399	115
400	424
400	293
400	75
401	425
401	38
402	144
402	85
403	265
403	426
404	368
404	427
405	428
405	83
405	153
406	429
407	80
407	430
408	8
408	50
408	151
409	293
409	154
409	431
410	16
410	17
410	75
411	432
411	38
412	55
412	50
412	8
413	173
413	173
413	75
414	433
415	434
415	75
415	33
416	169
416	435
416	168
417	33
417	324
417	159
418	436
418	144
418	160
419	199
419	437
419	17
420	208
420	151
420	413
421	438
422	439
422	17
422	75
423	329
423	17
423	440
424	349
424	91
424	75
425	135
426	75
426	441
426	72
427	38
427	442
427	173
428	57
428	443
428	71
429	444
429	75
430	169
430	445
430	75
431	242
431	75
431	173
432	275
432	293
432	446
433	138
433	17
433	75
434	447
434	129
434	69
435	208
435	448
435	307
436	342
436	80
437	449
438	450
439	145
439	451
440	91
440	75
440	212
441	452
442	28
442	184
443	307
443	273
444	453
444	302
445	169
445	454
445	71
446	455
446	141
447	456
447	75
448	382
448	75
448	457
449	87
449	210
450	458
451	459
451	71
451	75
452	208
452	75
452	460
453	461
453	144
453	160
454	232
455	143
455	462
456	463
456	154
456	26
457	154
457	26
458	86
458	145
459	171
459	86
460	393
460	4
461	247
462	307
462	33
462	144
